,SalePrice
0,5.319106059309776
1,5.258876629372131
2,5.349277527467955
3,5.146128035678238
4,5.3979400086720375
5,5.155336037465061
6,5.487138375477186
7,5.301029995663981
8,5.113609151073028
9,5.071882007306125
10,5.112269768417271
11,5.537819095073274
12,5.158362492095249
13,5.446381812222442
14,5.195899652409234
15,5.12057393120585
16,5.173186268412274
17,4.954242509439325
18,5.201397124320452
19,5.143014800254095
20,5.512284063281854
21,5.144262773761991
22,5.361727836017593
23,5.113609151073028
24,5.187520720836463
25,5.408748606184244
26,5.129689892199301
27,5.48572142648158
28,5.317018101048111
29,4.835690571492425
30,4.6020599913279625
31,5.174205226940147
32,5.255031163345551
33,5.218797998111738
34,5.443262987458695
35,5.489958479424835
36,5.161368002234975
37,5.184691430817598
38,5.037426497940624
39,4.913813852383717
40,5.204119982655925
41,5.230448921378274
42,5.158362492095249
43,5.114777731971562
44,5.14921911265538
45,5.505014240084107
46,5.3796426677411535
47,5.397418542351348
48,5.05307844348342
49,5.103803720955957
50,5.247973266361806
51,5.058805486675907
52,5.041392685158225
53,5.585460729508501
54,5.113943352306837
55,5.2564772062416765
56,5.236789099409293
57,5.293362554711446
58,5.642246823807891
59,5.096562438374136
60,5.198657086954422
61,5.004321373782642
62,5.306425027550687
63,5.146128035678238
64,5.3414345245781405
65,5.501059262217751
66,5.2552725051033065
67,5.354108439147401
68,4.903089986991944
69,5.352182518111363
70,5.38738982633873
71,5.112269768417271
72,5.267171728403014
73,5.161068385471174
74,5.031004281363537
75,4.959041392321094
76,5.132739838260885
77,5.103803720955957
78,5.135132651376775
79,5.041392685158225
80,5.28668096935493
81,5.186108379813206
82,5.389166084364533
83,5.102090525511836
84,5.226599905207357
85,5.414973347970818
86,5.2405492482825995
87,5.216165902285993
88,4.929418925714293
89,5.092018470752797
90,5.040997692423491
91,4.993876914941211
92,5.213517756996305
93,5.126780577012009
94,5.311223910432456
95,5.267171728403014
96,5.330413773349191
97,4.97657921864011
98,4.919078092376074
99,5.110421346473957
100,5.311753861055754
101,5.250420002308894
102,5.075415558310823
103,5.298634783124435
104,5.229169702539101
105,5.3979400086720375
106,5.0
107,5.060697840353612
108,5.060697840353612
109,5.278753600952829
110,5.13640344813399
111,5.2552725051033065
112,5.584297293785702
113,5.336459733848529
114,5.414137362184476
115,5.2455126678141495
116,5.143014800254095
117,5.190331698170292
118,5.505149978319906
119,5.214817365869458
120,5.2552725051033065
121,5.0
122,5.133538908370218
123,5.187238619831478
124,5.2576785748691846
125,4.926856708949693
126,5.107209969647869
127,4.939519252618618
128,5.190331698170292
129,5.176091259055681
130,5.354108439147401
131,5.38738982633873
132,5.178257320812189
133,5.342422680822207
134,5.2552725051033065
135,5.2405492482825995
136,5.155336037465061
137,5.232996110392154
138,5.361727836017593
139,5.364550995353972
140,5.060697840353612
141,5.414973347970818
142,5.220108088040055
143,5.309630167425898
144,5.096910013008056
145,5.113943352306837
146,5.021189299069938
147,5.347330015316951
148,5.14921911265538
149,5.060697840353612
150,5.086359830674748
151,5.571012004711645
152,5.278753600952829
153,5.371067862271736
154,5.096910013008056
155,4.897627091290442
156,5.039414119176137
157,5.430558769522757
158,5.406369835469268
159,5.505149978319906
160,5.210853365314893
161,5.615423952885944
162,5.342422680822207
163,5.013679697291193
164,5.181843587944773
165,5.105510184769974
166,5.278753600952829
167,5.512716406915696
168,5.2636360685881085
169,5.357934847000454
170,5.108903127667313
171,5.332438459915605
172,5.378397900948138
173,5.212187604403958
174,5.264817823009537
175,5.385606273598312
176,5.324282455297693
177,5.236789099409293
178,5.70056267830869
179,5.0
180,5.247973266361806
181,5.301247088636211
182,5.079181246047625
183,5.301029995663981
184,5.103803720955957
185,5.676693609624866
186,5.238046103128795
187,5.1303337684950066
188,5.18564696214057
189,5.456366033129043
190,5.498310553789601
191,5.264817823009537
192,5.283301228703549
193,5.113943352306837
194,5.103803720955957
195,5.171726453653231
196,5.4939763853651815
197,5.371067862271736
198,5.017033339298781
199,5.439174739843469
200,5.146128035678238
201,5.2342641243787895
202,5.049218022670182
203,5.173186268412274
204,5.041392685158225
205,5.2564772062416765
206,5.158060793936605
207,5.14921911265538
208,5.442479769064448
209,5.161368002234975
210,4.991226075692495
211,5.269512944217916
212,5.402567430702933
213,5.193124598354461
214,5.208844289340738
215,5.12856080655932
216,5.3222192947339195
217,5.02938377768521
218,5.493458050995188
219,5.223340158878377
220,5.311541958401195
221,5.301029995663981
222,5.255031163345551
223,4.986771734266245
224,5.586868492432891
225,5.049218022670182
226,5.4623979978989565
227,5.02530586526477
228,5.096910013008056
229,5.28443073384452
230,5.1702617153949575
231,5.605305046141109
232,4.975431808509263
233,5.107888025182799
234,5.335457900689384
235,4.951823035315912
236,5.268343913951065
237,5.288919605661727
238,5.502427119984433
239,5.05307844348342
240,5.419129307741976
241,5.04336227802113
242,4.897627091290442
243,5.079181246047625
244,5.311753861055754
245,5.382917135087531
246,5.136720567156407
247,5.146128035678238
248,5.2552725051033065
249,5.442479769064448
250,4.883661435153617
251,5.371067862271736
252,5.238046103128795
253,5.198657086954422
254,5.161368002234975
255,5.361727836017593
256,5.317018101048111
257,5.342422680822207
258,5.364550995353972
259,4.986771734266245
260,5.2455126678141495
261,5.440909082065217
262,5.17897694729317
263,5.113943352306837
264,4.863322860120456
265,5.244277120801843
266,5.267171728403014
267,5.254064452914338
268,5.080987046910887
269,5.1702617153949575
270,5.424881636631067
271,5.382917135087531
272,5.4623979978989565
273,5.143014800254095
274,5.095169351431755
275,5.311753861055754
276,5.303196057420489
277,5.14921911265538
278,5.618359839631296
279,5.283301228703549
280,5.358886204405869
281,5.267171728403014
282,5.317018101048111
283,5.388456452700266
284,5.253338005326106
285,5.216693599169754
286,5.201397124320452
287,4.944482672150168
288,5.086359830674748
289,5.186320523991601
290,5.3677844122811535
291,5.133219456732494
292,5.117271295655764
293,5.371067862271736
294,5.222716471147583
295,5.153814864344529
296,5.181843587944773
297,5.378397900948138
298,5.243038048686294
299,5.20002926655377
300,5.195899652409234
301,5.426511261364575
302,5.311753861055754
303,5.175801632848279
304,5.469822015978163
305,5.485579476984679
306,5.352182518111363
307,4.951823035315912
308,4.9164539485499255
309,5.556302500767287
310,5.219060332448861
311,5.12057393120585
312,5.078819183098848
313,5.574031267727719
314,5.250420002308894
315,5.275311354541811
316,5.414973347970818
317,5.431363764158987
318,5.414973347970818
319,5.273001272063738
320,5.5348418638568235
321,5.549003262025788
322,5.478566495593843
323,5.100973313405723
324,5.383815365980431
325,4.939519252618618
326,5.510545010206612
327,5.162116141062368
328,5.331427296520743
329,4.892094602690481
330,5.075546961392531
331,5.143014800254095
332,5.453318340047038
333,5.315970345456917
334,5.283301228703549
335,5.359740647863716
336,5.57683181439699
337,5.330413773349191
338,5.306425027550687
339,5.190331698170292
340,5.307282047033346
341,4.913813852383717
342,4.942008053022313
343,5.424881636631067
344,4.929418925714293
345,5.14674801363064
346,5.1804126328383235
347,5.19728055812562
348,5.187520720836463
349,5.640634456577733
350,5.502510420056209
351,5.278753600952829
352,4.977723605288848
353,5.024895960107485
354,5.146128035678238
355,5.249198357391113
356,5.238046103128795
357,5.127104798364807
358,5.113943352306837
359,5.447158031342219
360,5.193124598354461
361,5.161368002234975
362,5.297760511099134
363,5.071882007306125
364,5.278753600952829
365,5.1673173347481764
366,5.201397124320452
367,5.217483944213907
368,5.12057393120585
369,5.209515014542631
370,5.236537261488694
371,5.128502659857898
372,5.096910013008056
373,5.089905111439398
374,5.3414345245781405
375,4.785329835010767
376,5.1702617153949575
377,5.531478917042255
378,5.5959721417145625
379,5.252853030979893
380,5.103803720955957
381,5.273579945676206
382,5.329397879361043
383,4.880813592280791
384,5.380211241711606
385,5.283301228703549
386,4.9084850188786495
387,5.096910013008056
388,5.281033367247727
389,5.629409599102719
390,5.075546961392531
391,5.332438459915605
392,5.027349607774757
393,5.0
394,5.037426497940624
395,5.110589710299249
396,5.089905111439398
397,5.229169702539101
398,4.826074802700826
399,5.382017042574868
400,5.390051496458987
401,5.21745762253858
402,5.033423755486949
403,5.41161970596323
404,5.225309281725863
405,5.176091259055681
406,5.060697840353612
407,5.247973266361806
408,5.447158031342219
409,5.5311594654045315
410,4.778151250383644
411,5.161368002234975
412,5.346352974450639
413,5.060697840353612
414,5.357934847000454
415,5.257999977793136
416,5.174641192660449
417,5.378397900948138
418,5.1003705451175625
419,5.152288344383057
420,5.314499227973152
421,5.332438459915605
422,5.05307844348342
423,5.498310553789601
424,5.143014800254095
425,5.1303337684950066
426,5.439332693830263
427,5.0374583715953225
428,5.290924559382754
429,5.243038048686294
430,4.931457870689005
431,4.902546779313991
432,5.088136088700551
433,5.2576785748691846
434,4.9084850188786495
435,5.326335860928752
436,5.064457989226918
437,5.075546961392531
438,4.955928156896951
439,5.041392685158225
440,5.744292983122676
441,5.071882007306125
442,5.21192108430851
443,5.236789099409293
444,5.3222192947339195
445,5.105510184769974
446,5.278753600952829
447,5.300812794118117
448,5.077367905284157
449,5.079181246047625
450,5.041392685158225
451,5.447158031342219
452,5.309630167425898
453,5.3222192947339195
454,5.27415784926368
455,5.244277120801843
456,4.991226075692495
457,5.408239965311849
458,5.20682587603185
459,5.041392685158225
460,5.420673474866709
461,5.190331698170292
462,4.7950662561556125
463,5.275771900164932
464,5.093421685162235
465,5.252221753598687
466,5.222716471147583
467,5.165837624690128
468,5.3979400086720375
469,5.271841606536499
470,5.326335860928752
471,5.278753600952829
472,5.1702617153949575
473,5.643452676486188
474,5.399673721481038
475,5.122215878272827
476,5.319938439980309
477,5.57978359661681
478,5.472756449317212
479,4.951682291395551
480,5.513217600067939
481,5.57287160220048
482,5.190331698170292
483,5.214843848047698
484,5.122215878272827
485,5.1673173347481764
486,5.193124598354461
487,5.243038048686294
488,5.204119982655925
489,4.9344984512435675
490,5.060697840353612
491,5.123851640967086
492,5.237506037332754
493,5.190331698170292
494,4.960470777534299
495,4.54282542695918
496,5.633468455579586
497,5.264817823009537
498,5.113943352306837
499,5.079181246047625
500,5.05307844348342
501,5.355451520126517
502,5.146128035678238
503,5.460897842756548
504,5.1673173347481764
505,5.095169351431755
506,5.332438459915605
507,5.318689269947746
508,5.20682587603185
509,5.095169351431755
510,5.217220655644518
511,5.3067787530377135
512,5.113609151073028
513,5.127104798364807
514,4.984527313343793
515,5.605155226423855
516,5.198657086954422
517,5.423245873936808
518,5.324282455297693
519,5.3692158574101425
520,5.026328938722349
521,5.176091259055681
522,5.201397124320452
523,5.2665844470668635
524,5.499343359227368
525,5.2455126678141495
526,5.12057393120585
527,5.649588934286463
528,4.9344984512435675
529,5.302382885035854
530,5.243038048686294
531,5.107209969647869
532,5.031408464251625
533,4.594392550375427
534,5.250420002308894
535,5.031408464251625
536,5.27415784926368
537,5.0463000196529695
538,5.198657086954422
539,5.434568904034199
540,5.498310553789601
541,5.394451680826216
542,5.32888903983956
543,5.123851640967086
544,5.254463481742621
545,5.359835482339888
546,5.3222192947339195
547,5.112269768417271
548,5.096910013008056
549,5.419955748489758
550,5.146128035678238
551,5.051152522447381
552,5.407390904470732
553,5.033423755486949
554,5.453318340047038
555,5.05307844348342
556,5.14921911265538
557,5.033423755486949
558,5.243038048686294
559,5.3692158574101425
560,5.084576277934331
561,5.230448921378274
562,5.033423755486949
563,5.267171728403014
564,5.4281347940287885
565,5.107209969647869
566,5.511883360978874
567,5.330413773349191
568,5.500510910526337
569,5.1334111559110225
570,5.1541195255158465
571,5.079181246047625
572,5.351216345339342
573,5.230448921378274
574,5.143014800254095
575,5.073718350346122
576,5.161368002234975
577,5.216165902285993
578,5.164352855784437
579,5.118925752825777
580,5.259832699063484
581,5.403623187803258
582,5.073718350346122
583,5.511883360978874
584,5.123851640967086
585,5.5680843313153945
586,5.113943352306837
587,5.136720567156407
588,5.155336037465061
589,4.9003671286564705
590,5.269279389771898
591,5.655090390729038
592,5.139879086401237
593,5.146128035678238
594,5.041392685158225
595,5.503790683057181
596,5.058820658270532
597,5.288251461892088
598,5.337459261290656
599,5.17897694729317
600,5.439332693830263
601,5.14921911265538
602,5.342422680822207
603,5.17897694729317
604,5.344392273685111
605,5.311753861055754
606,5.181843587944773
607,5.352182518111363
608,5.555215405126073
609,5.073718350346122
610,5.495544337546448
611,5.1702617153949575
612,5.417471693203293
613,5.1673173347481764
614,4.8779469516291885
615,5.138302698166282
616,5.262925469331831
617,5.023252459633712
618,5.498052657968135
619,5.484299839346786
620,4.826074802700826
621,5.380211241711606
622,5.1303337684950066
623,5.226599905207357
624,5.217878578027433
625,5.204119982655925
626,5.145817714491828
627,5.184691430817598
628,5.1303337684950066
629,5.226599905207357
630,5.093421685162235
631,5.321184027302314
632,4.9164539485499255
633,5.144262773761991
634,5.158362492095249
635,5.301029995663981
636,4.778151250383644
637,4.968482948553935
638,4.929418925714293
639,5.422525823475276
640,5.437750562820388
641,5.354108439147401
642,5.537819095073274
643,5.181843587944773
644,5.569231072309533
645,5.156094630639427
646,4.992553517832135
647,5.190331698170292
648,5.190331698170292
649,4.926856708949693
650,5.313761796292436
651,5.033423755486949
652,5.281033367247727
653,5.1303337684950066
654,5.544068044350276
655,4.944482672150168
656,5.162862993321926
657,5.173186268412274
658,4.989004615698537
659,5.222716471147583
660,5.296445794206396
661,5.60422605308447
662,5.041392685158225
663,5.138302698166282
664,5.626340367375042
665,5.362670929725667
666,5.110589710299249
667,5.28668096935493
668,5.225309281725863
669,5.138302698166282
670,5.239299479126893
671,5.015359755409214
672,5.217483944213907
673,5.4107772333772095
674,5.146128035678238
675,5.171726453653231
676,4.939519252618618
677,5.039414119176137
678,5.5711262770843115
679,5.108903127667313
680,5.155336037465061
681,5.202580942140484
682,5.238046103128795
683,5.45484486000851
684,5.344392273685111
685,5.317018101048111
686,5.3576966816630325
687,5.17260293120986
688,5.593286067020458
689,5.289365951520032
690,5.14921911265538
691,5.8779469516291885
692,5.525044807036846
693,5.035349676522988
694,5.150756439860309
695,5.2455126678141495
696,4.949390006644912
697,5.0916669575956846
698,5.141449773400467
699,5.292256071356476
700,5.494850021680094
701,5.146128035678238
702,5.558611383270002
703,5.146128035678238
704,5.328379603438738
705,4.740362689494244
706,5.480006942957151
707,5.4048337166199385
708,5.254161220847426
709,5.040997692423491
710,4.7160033436347994
711,5.011891711113969
712,5.276461804173244
713,5.110589710299249
714,5.1156105116743
715,5.217483944213907
716,5.2027606873932
717,5.195899652409234
718,5.532754378992498
719,5.108903127667313
720,5.439332693830263
721,5.155336037465061
722,5.095169351431755
723,5.1303337684950066
724,5.505149978319906
725,5.080987046910887
726,5.346352974450639
727,5.288919605661727
728,5.041392685158225
729,5.012837224705172
730,5.37383114507383
731,5.273001272063738
732,5.347330015316951
733,5.118595365223762
734,5.033423755486949
735,5.212187604403958
736,4.970811610872518
737,5.380030247967831
738,5.252853030979893
739,5.278753600952829
740,5.12057393120585
741,5.152288344383057
742,5.252853030979893
743,5.243038048686294
744,5.2552725051033065
745,5.476831628512261
746,5.372912002970106
747,5.424847348871119
748,5.415640979896154
749,4.991226075692495
750,4.984527313343793
751,5.209515014542631
752,5.336459733848529
753,5.440121603187804
754,5.193124598354461
755,5.236789099409293
756,5.326335860928752
757,5.201123897207379
758,5.253822438708073
759,5.4623979978989565
760,5.105510184769974
761,5.0
762,5.332842266994351
763,5.5276299008713385
764,5.431363764158987
765,5.421821019842061
766,5.293362554711446
767,5.204119982655925
768,5.336133390065583
769,5.730782275666389
770,5.130011949671904
771,5.008600171761918
772,5.02938377768521
773,5.058805486675907
774,5.596597095626461
775,5.209515014542631
776,5.345373730559088
777,5.153814864344529
778,5.158362492095249
779,5.1303337684950066
780,5.2455126678141495
781,5.245265839457462
782,5.27207378750001
783,5.218797998111738
784,5.107209969647869
785,5.208172526667122
786,5.143014800254095
787,5.367355921026019
788,5.033021444682911
789,5.273001272063738
790,5.204662511748219
791,5.166726055580051
792,5.431025848133122
793,5.352182518111363
794,5.288919605661727
795,5.232996110392154
796,5.156851901070011
797,5.041392685158225
798,5.685741738602264
799,5.243038048686294
800,5.301029995663981
801,5.040997692423491
802,5.276461804173244
803,5.76561864154733
804,5.071882007306125
805,5.357324882740209
806,5.131939295210424
807,5.349277527467955
808,5.203984244420126
809,5.02530586526477
810,5.2576785748691846
811,5.159867847092567
812,4.748133736802754
813,5.198382130008294
814,5.064457989226918
815,5.351989455435632
816,5.136720567156407
817,5.432969290874405
818,5.190331698170292
819,5.350248018334163
820,5.26245108973043
821,4.968482948553935
822,5.352182518111363
823,5.144574207609616
824,5.36660971039243
825,5.585460729508501
826,5.039414119176137
827,5.276461804173244
828,5.267171728403014
829,5.168497483523033
830,5.220108088040055
831,5.17897694729317
832,5.3747483460101035
833,5.222716471147583
834,5.145972902802181
835,5.107209969647869
836,5.186108379813206
837,5.0
838,5.158362492095249
839,5.1156105116743
840,5.146128035678238
841,5.19728055812562
842,5.242789809478676
843,5.14921911265538
844,5.187238619831478
845,5.232996110392154
846,5.328379603438738
847,5.125481265700594
848,5.380211241711606
849,5.271841606536499
850,5.118925752825777
851,5.332438459915605
852,5.214843848047698
853,5.198657086954422
854,5.230448921378274
855,5.103803720955957
856,5.1673173347481764
857,5.2405492482825995
858,5.181843587944773
859,5.3979400086720375
860,5.278639297890739
861,5.118925752825777
862,5.181843587944773
863,5.122215878272827
864,5.398946404901307
865,5.171726453653231
866,5.396024896608593
867,5.110589710299249
868,5.227886704613674
869,5.372912002970106
870,5.039414119176137
871,5.302114376956201
872,5.064457989226918
873,5.123851640967086
874,4.8228216453031045
875,5.482125782226465
876,5.121395680707224
877,5.544068044350276
878,5.1702617153949575
879,5.135132651376775
880,5.195899652409234
881,5.273001272063738
882,5.250420002308894
883,5.073718350346122
884,5.0
885,5.5170638734826545
886,5.161368002234975
887,5.131939295210424
888,5.4281347940287885
889,5.174641192660449
890,5.089551882886454
891,5.236789099409293
892,5.188928483760853
893,5.217483944213907
894,5.075028418196534
895,5.146128035678238
896,5.027349607774757
897,5.155193273858223
898,5.786507950304687
899,5.1303337684950066
900,5.041392685158225
901,5.184691430817598
902,5.2552725051033065
903,5.380211241711606
904,5.098643725817057
905,5.107209969647869
906,5.4065401804339555
907,5.3979400086720375
908,5.117271295655764
909,5.2405492482825995
910,5.188365926063148
911,5.156851901070011
912,4.944482672150168
913,5.161368002234975
914,5.239882319061294
915,4.8750612633917
916,4.547910016864493
917,5.1303337684950066
918,5.376576957056512
919,5.246744709723841
920,5.303196057420489
921,5.164055291893452
922,5.2304233738926404
923,5.285557309007774
924,5.317018101048111
925,5.243038048686294
926,5.45484486000851
927,5.2455126678141495
928,5.37383114507383
929,5.346352974450639
930,5.303196057420489
931,5.0700378666077555
932,5.505149978319906
933,5.278753600952829
934,5.383815365980431
935,4.902546779313991
936,5.266936911159173
937,5.4031205211758175
938,5.379847367689488
939,5.3881012015705165
940,5.17868923977559
941,5.330413773349191
942,5.176091259055681
943,5.155336037465061
944,5.138302698166282
945,5.096562438374136
946,5.155336037465061
947,5.431363764158987
948,5.28443073384452
949,5.295567099962479
950,5.110589710299249
951,5.078819183098848
952,5.126780577012009
953,5.235528446907549
954,5.105510184769974
955,5.161368002234975
956,5.093421685162235
957,5.12057393120585
958,5.267171728403014
959,5.190331698170292
960,5.066325925362038
961,5.434568904034199
962,5.190331698170292
963,5.378397900948138
964,5.332236415491443
965,5.252610340567373
966,5.204119982655925
967,5.1303337684950066
968,4.578639209968072
969,5.146128035678238
970,5.1303337684950066
971,5.238046103128795
972,4.997823080745725
973,5.260071387985075
974,5.224014811372864
975,5.217483944213907
976,4.931966114728173
977,5.300812794118117
978,5.041392685158225
979,5.143014800254095
980,5.251394850040104
981,5.526339277389844
982,5.2038348833437285
983,5.408070285887185
984,5.1003705451175625
985,5.096910013008056
986,5.068185861746161
987,5.596808144440335
988,5.290034611362518
989,5.294466226161593
990,5.541579243946581
991,5.225309281725863
992,5.271841606536499
993,5.240299582002712
994,5.528273777167044
995,5.084933574936716
996,5.135132651376775
997,5.267171728403014
998,4.959041392321094
999,5.313867220369153
1000,4.913813852383717
1001,4.9344984512435675
1002,5.365487984890899
1003,5.136419309585825
1004,5.2576785748691846
1005,5.175801632848279
1006,5.213517756996305
1007,4.944482672150168
1008,5.380211241711606
1009,5.008600171761918
1010,5.1303337684950066
1011,5.0
1012,5.217483944213907
1013,4.929418925714293
1014,5.076276255404218
1015,5.3560258571931225
1016,5.307496037913213
1017,5.273001272063738
1018,5.204119982655925
1019,5.329377537222727
1020,5.2455126678141495
1021,5.2878017299302265
1022,4.939519252618618
1023,5.281033367247727
1024,5.457881896733992
1025,5.051152522447381
1026,5.224014811372864
1027,5.466981737356821
1028,5.021189299069938
1029,5.071882007306125
1030,5.204119982655925
1031,5.294466226161593
1032,5.491361693834273
1033,5.361727836017593
1034,5.078275522086601
1035,4.924279286061882
1036,5.498999363580153
1037,5.457881896733992
1038,4.986771734266245
1039,4.903089986991944
1040,5.190331698170292
1041,5.238046103128795
1042,5.292256071356476
1043,5.418765174994478
1044,5.444044795918076
1045,5.144885418287142
1046,5.745528376744706
1047,5.161368002234975
1048,5.060697840353612
1049,4.928907690243952
1050,5.246707799275905
1051,5.301336065396815
1052,5.217483944213907
1053,5.159867847092567
1054,5.4065401804339555
1055,5.2552725051033065
1056,5.269162565431745
1057,5.394451680826216
1058,5.525044807036846
1059,5.342422680822207
1060,5.329397879361043
1061,4.9084850188786495
1062,4.954242509439325
1063,5.04336227802113
1064,5.187520720836463
1065,5.515873843711679
1066,5.250420002308894
1067,5.225050696138049
1068,5.1801258751640535
1069,5.1303337684950066
1070,5.1303337684950066
1071,5.187520720836463
1072,4.9614210940664485
1073,5.2027606873932
1074,5.2878017299302265
1075,5.3414345245781405
1076,5.230448921378274
1077,5.1423894661188365
1078,5.192846115188842
1079,5.1003705451175625
1080,5.161368002234975
1081,5.123851640967086
1082,5.283301228703549
1083,5.204119982655925
1084,5.273001272063738
1085,5.1673173347481764
1086,4.921686475483602
1087,5.401400540781544
1088,5.138302698166282
1089,5.294466226161593
1090,4.968015713993641
1091,5.204119982655925
1092,5.135132651376775
1093,5.164352855784437
1094,5.110589710299249
1095,5.246577357230246
1096,5.103803720955957
1097,5.230448921378274
1098,5.107209969647869
1099,5.195899652409234
1100,4.778151250383644
1101,5.077367905284157
1102,5.1303337684950066
1103,5.2027606873932
1104,5.02530586526477
1105,5.511883360978874
1106,5.255031163345551
1107,5.438898182056245
1108,5.2576785748691846
1109,5.447158031342219
1110,5.27415784926368
1111,5.311753861055754
1112,5.113609151073028
1113,5.128722284338426
1114,5.068185861746161
1115,5.502427119984433
1116,5.265053788504015
1117,5.113943352306837
1118,5.146128035678238
1119,5.126131407261984
1120,5.073351702386901
1121,5.328175661438323
1122,5.049218022670182
1123,5.071882007306125
1124,5.214578953570499
1125,5.060697840353612
1126,5.2405492482825995
1127,5.413299764081252
1128,5.332438459915605
1129,5.146128035678238
1130,5.1303337684950066
1131,4.970811610872518
1132,5.0700378666077555
1133,5.379305517750582
1134,5.227886704613674
1135,5.008600171761918
1136,5.075546961392531
1137,4.973127853599698
1138,5.292256071356476
1139,5.158362492095249
1140,5.143014800254095
1141,5.295567099962479
1142,5.628256066711006
1143,4.903089986991944
1144,4.903089986991944
1145,5.173186268412274
1146,5.2552725051033065
1147,5.241795431295198
1148,5.06781451116184
1149,5.155336037465061
1150,5.093421685162235
1151,5.175801632848279
1152,5.361727836017593
1153,5.080987046910887
1154,5.304921161900892
1155,5.338456493604605
1156,5.255031163345551
1157,5.361727836017593
1158,5.371304349760494
1159,5.267171728403014
1160,5.164352855784437
1161,5.350248018334163
1162,5.110589710299249
1163,5.03726310873469
1164,5.2878017299302265
1165,5.367672672705433
1166,5.389786062316935
1167,5.238046103128795
1168,5.371067862271736
1169,5.795880017344075
1170,5.232996110392154
1171,5.212187604403958
1172,5.235275876687052
1173,5.302114376956201
1174,5.378397900948138
1175,5.45484486000851
1176,5.077367905284157
1177,5.060697840353612
1178,5.190051417759206
1179,4.968482948553935
1180,5.3979400086720375
1181,5.5938396610812715
1182,5.872156272748293
1183,5.079181246047625
1184,5.271144317949078
1185,5.020775488193558
1186,4.977723605288848
1187,5.418301291319746
1188,5.290034611362518
1189,5.276461804173244
1190,5.225309281725863
1191,5.2405492482825995
1192,5.096910013008056
1193,5.217483944213907
1194,5.198657086954422
1195,5.2455126678141495
1196,5.34086036206488
1197,5.158362492095249
1198,5.250420002308894
1199,5.1702617153949575
1200,5.064645144791936
1201,5.296445794206396
1202,5.068185861746161
1203,5.328379603438738
1204,5.186108379813206
1205,5.4344092075875
1206,5.02938377768521
1207,5.301029995663981
1208,5.146128035678238
1209,5.4623979978989565
1210,5.276461804173244
1211,5.214843848047698
1212,5.05307844348342
1213,5.161368002234975
1214,5.128722284338426
1215,5.096910013008056
1216,5.049218022670182
1217,5.360699418460499
1218,4.905795880367869
1219,4.9614210940664485
1220,5.060697840353612
1221,5.127104798364807
1222,5.155336037465061
1223,5.139564266175849
1224,5.264817823009537
1225,5.161368002234975
1226,5.330413773349191
1227,5.1673173347481764
1228,5.565013833904306
1229,5.103803720955957
1230,5.278753600952829
1231,5.122215878272827
1232,5.00774777800074
1233,5.152288344383057
1234,5.113943352306837
1235,5.142661597123614
1236,5.244277120801843
1237,5.290034611362518
1238,5.153814864344529
1239,5.424718337331567
1240,5.351989455435632
1241,5.39502569079866
1242,5.230448921378274
1243,5.6674529528899535
1244,5.361727836017593
1245,5.250420002308894
1246,5.270678836144707
1247,5.230193378869045
1248,5.112269768417271
1249,5.075546961392531
1250,5.38738982633873
1251,5.2348967457315885
1252,5.113943352306837
1253,5.468347330412158
1254,5.218535505216527
1255,5.105510184769974
1256,5.47928731647617
1257,4.999565488225982
1258,5.278753600952829
1259,5.17897694729317
1260,5.2576785748691846
1261,5.110252917353403
1262,5.208172526667122
1263,5.2564772062416765
1264,5.2576785748691846
1265,5.264581729238078
1266,5.086359830674748
1267,5.578065883836092
1268,5.580924975675619
1269,5.158362492095249
1270,5.414973347970818
1271,5.2689288224326125
1272,5.136720567156407
1273,5.247973266361806
1274,5.143014800254095
1275,5.136720567156407
1276,5.209515014542631
1277,5.296445794206396
1278,5.3747483460101035
1279,4.835056101720117
1280,5.3560258571931225
1281,5.2552725051033065
1282,5.177536499929862
1283,5.143014800254095
1284,5.227886704613674
1285,5.122215878272827
1286,5.155336037465061
1287,5.278753600952829
1288,5.444044795918076
1289,5.44870631990508
1290,5.2564772062416765
1291,5.077367905284157
1292,5.031408464251625
1293,5.21192108430851
1294,5.060697840353612
1295,5.141449773400467
1296,5.190331698170292
1297,5.146128035678238
1298,5.204119982655925
1299,5.187520720836463
1300,5.352182518111363
1301,5.249198357391113
1302,5.4623979978989565
1303,5.365487984890899
1304,5.113943352306837
1305,5.511883360978874
1306,5.306425027550687
1307,5.139879086401237
1308,5.1673173347481764
1309,5.253338005326106
1310,5.525044807036846
1311,5.307496037913213
1312,5.480006942957151
1313,5.522663281777946
1314,5.075546961392531
1315,5.315760490665735
1316,5.470547197239672
1317,5.319938439980309
1318,5.439332693830263
1319,5.045322978786658
1320,5.194514341882467
1321,4.860338006570994
1322,5.278753600952829
1323,4.9164539485499255
1324,5.1673173347481764
1325,4.740362689494244
1326,4.897627091290442
1327,5.1156105116743
1328,5.408239965311849
1329,5.246744709723841
1330,5.3560258571931225
1331,5.122215878272827
1332,5.0
1333,5.098643725817057
1334,5.096910013008056
1335,5.225050696138049
1336,5.1303337684950066
1337,4.720159303405957
1338,5.301029995663981
1339,5.108903127667313
1340,5.089905111439398
1341,5.190331698170292
1342,5.358886204405869
1343,5.247973266361806
1344,5.1926650053248045
1345,5.035429738184549
1346,5.419129307741976
1347,5.4524963791213095
1348,5.332438459915605
1349,5.086359830674748
1350,5.301029995663981
1351,5.232996110392154
1352,5.130011949671904
1353,5.6127838567197355
1354,5.371067862271736
1355,5.230448921378274
1356,5.041392685158225
1357,5.175801632848279
1358,5.249198357391113
1359,5.498310553789601
1360,5.276461804173244
1361,5.414973347970818
1362,5.020775488193558
1363,5.195711509593393
1364,5.158820672273573
1365,5.334453751150931
1366,5.285557309007774
1367,5.103803720955957
1368,5.158362492095249
1369,5.365487984890899
1370,5.021189299069938
1371,5.218797998111738
1372,5.438225807604529
1373,5.668851648082518
1374,5.3979400086720375
1375,5.378397900948138
1376,4.959041392321094
1377,5.068185861746161
1378,4.919078092376074
1379,5.224014811372864
1380,4.76715586608218
1381,5.375663613960885
1382,5.195899652409234
1383,5.049218022670182
1384,5.021189299069938
1385,5.098643725817057
1386,5.3979400086720375
1387,5.133538908370218
1388,5.576916955965207
1389,5.117271295655764
1390,5.371067862271736
1391,5.093421685162235
1392,5.089905111439398
1393,5.212187604403958
1394,5.391954325687043
1395,5.44903539350911
1396,5.204119982655925
1397,5.138302698166282
1398,5.139879086401237
1399,5.138144744179487
1400,5.079181246047625
1401,5.285557309007774
1402,5.287530771028018
1403,5.45166671948638
1404,5.021189299069938
1405,5.439332693830263
1406,5.123851640967086
1407,5.049218022670182
1408,5.098643725817057
1409,5.332438459915605
1410,5.361727836017593
1411,5.146128035678238
1412,4.954242509439325
1413,5.409933123331294
1414,5.315970345456917
1415,5.245265839457462
1416,5.088136088700551
1417,5.531478917042255
1418,5.093421685162235
1419,5.348304863048161
1420,5.255031163345551
1421,5.105510184769974
1422,5.135132651376775
1423,5.439285313665999
1424,5.158362492095249
1425,5.152288344383057
1426,5.432969290874405
1427,5.146128035678238
1428,5.075546961392531
1429,5.262213705476417
1430,5.283617786365643
1431,5.157607853361668
1432,4.8095597146352675
1433,5.270678836144707
1434,5.204119982655925
1435,5.2405492482825995
1436,5.080987046910887
1437,5.59617579061501
1438,5.175221800343053
1439,5.294466226161593
1440,5.281033367247727
1441,5.174059807725025
1442,5.491361693834273
1443,5.08278537031645
1444,5.254306332331286
1445,5.110589710299249
1446,5.198382130008294
1447,5.380211241711606
1448,5.049218022670182
1449,4.963787827345556
1450,5.133538908370218
1451,5.458018065291855
1452,5.161368002234975
1453,4.926856708949693
1454,5.267171728403014
1455,5.243038048686294
1456,5.3222192947339195
1457,5.425697213362591
1458,5.152670477695791
1459,5.168792020314182
